11111111111111111111111111111111111
10000000000000000000000000000000001
10000000000000000000000000000000001
10000000000000000000000000000000001
10000000011111100001111111000000001
10000000010000000000000001000000001
10000000010000000000000001000000001
00000000011111100001111111000000000
10000000000000000000000000000000001
10000000000000000000000000000000001
10000000000000000000000000000000001
10000000000000000000000000000000001
00000000000001111111111111000000000
10000000000000000000000000000000001
10000000000000000000000000000000001
10000000000000000000000000000000001
10000000000000000000000000000000001
10000000000000000000000000000000001
10000000000000000000000000000000001
11111111111111111111111111111111111