11111111111111111111111111111111111
10000000000000000000000000000000001
10000000000000000000000000000000001
10000000000000000000000000000000001
10000000000000000000000000000000001
10000000000000000000000000000000001
10000000000000000000000000000000001
00000000000001111111111111000000000
10000000000000000000000000000000001
10000000000000000000000000000000001
10000000000000000000000000000000001
10000000000000000000000000000000001
00000000000000000000000000000000001
10000000000000000000000000000000001
10000000000000000000001111111111111
11111111111111000000000000000000001
10000000000000000000000000000000001
10000000000000000000000000000000001
10000000000000000000000000000000001
11111111111111111111111111111111111