11111111111111111111111111111111111
10000000000000000000000000000000001
10000000000000000000000000000000001
10000000000000000000000000000000001
10000000000000000000000000000000001
10000000000000000000000000000000001
10000000000000000000000000000000001
00000000000000000000000000000000000
00000000000000000000000000000000000
00000000000000000000000000000000000
00000000000000000000000000000000000
10000000000000000000000000000000001
00000000000001111111111111111111000
00000000000001000000000000000000000
00000000000001000000000000000000000
00000000000001000000000000000000000
00000000000001111111111111111111000
10000000000000000000000000000000001
10000000000000000000000000000000001
11111111111111111111111111111111111